[CALIBRATION]
actual_width = 300.0
actual_height = 30.0
pixel_widths = [261.0, 306.0145568847656, 259.9848937988281]
pixel_heights = [68.0, 71.88214111328125, 69.66560363769531]

[CAMERA]
cam_width = 1920
cam_height = 1080
cam_fps = 30
frame_width = 1440
frame_height = 1080

[LANE]
lane_count = 3
lane_width = 445
lane_height = 190
lane_width_start = [68, 513, 958]
lane_width_end = [513, 958, 1403]
lane_height_start = 460
lane_height_end = 650
edge_gap = 10

[DRAW]
font = 0
green = (0, 255, 0)
red = (0, 0, 255)
blue = (255, 0, 0)
yellow = (0, 255, 255)
white = (255, 255, 255)
pass_fail_x = [68, 516, 960]
pass_fail_y = [0, 100, 200]

[THRESHOLD]
white_thresh = 245.0
min_area = 2000
fail_width_low = 260.0
fail_width_high = 310.0
fail_height_low = 20.0
fail_height_high = 45.0
lane_fail_widths_low = [226.20000000000002, 265.2126159667969, 225.32024129231772]
lane_fail_widths_high = [269.7, 316.2150421142578, 268.65105692545575]
lane_fail_heights_low = [45.333333333333336, 47.921427408854164, 46.44373575846354]
lane_fail_heights_high = [102.0, 107.82321166992188, 104.49840545654297]

[AIO]
aio_wait = 0.2

