[CALIBRATION]
actual_width = 300.0
actual_height = 30.0
pixel_widths = [265.0, 266.0, 252.2880401611328, 260.99993896484375]
pixel_heights = [26.0, 26.0, 28.41962242126465, 26.999996185302734]
width_multiple = [0.96, 0.97, 0.97, 0.96]

[CAMERA]
cam_width = 1920
cam_height = 1080
cam_fps = 30
cam_exposure = -8
frame_width = 1440
frame_height = 1080

[LANE]
lane_count = 4

[3 LANE]
lane_width = 420
lane_height = 170
lane_width_start = [105, 525, 945]
lane_width_end = [525, 945, 1365]
lane_height_start = 440
lane_height_end = 610
edge_gap = 10
lane_history = 20

[4 LANE]
lane_width = 285
lane_height = 90
lane_width_start = [180, 465, 750, 1035]
lane_width_end = [465, 750, 1035, 1320]
lane_height_start = 488
lane_height_end = 578
edge_gap = 20
lane_history = 20

[DRAW]
font = 0
green = (0, 255, 0)
red = (0, 0, 255)
orange = (0, 165, 255)
yellow = (0, 255, 255)
white = (255, 255, 255)
pass_fail_y = [0, 100, 200]

[THRESHOLD]
white_thresh = 185.0
min_area = 2000
fail_width_low = 247.0
fail_width_high = 300.0
fail_height_low = 22.0
fail_height_high = 50.0
lane_fail_widths_low = [218.18333333333334, 219.00666666666666, 207.71715306599933, 214.88994974772135]
lane_fail_widths_high = [265.0, 266.0, 266.0, 267.0]
lane_fail_heights_low = [27.866666666666667, 27.866666666666667, 27.982861328124997, 27.982861328124997]
lane_fail_heights_high = [60.52133560180664, 61.666666666666664, 61.666666666666664, 61.666666666666664]

[AIO]
aio_wait = 0.1

[RESULTS]
export_times = ['6:30:00', '06:30:00', '18:30:00']
folder_location = C:\Users\EB3\Desktop\Results\
template_file = C:\Users\EB3\Roll-QC-V1\results_template.csv
current_results = C:\Users\EB3\Desktop\results_

[GENERAL]
logo_location = C:\Users\EB3\Roll-QC-V1\MCS Logo.jpg
clear_result_btn = 1

