[CALIBRATION]
actual_width = 300.0
actual_height = 30.0
pixel_widths = [363.1280517578125, 364.0, 374.0, 374.0]
pixel_heights = [36.312801361083984, 37.0, 37.0, 37.0]

[CAMERA]
cam_width = 1920
cam_height = 1080
cam_fps = 30
cam_exposure = -8
frame_width = 1440
frame_height = 1080

[LANE]
lane_count = 3

[3 LANE]
lane_width = 420
lane_height = 170
lane_width_start = [105, 525, 945]
lane_width_end = [525, 945, 1365]
lane_height_start = 440
lane_height_end = 610
edge_gap = 10
lane_history = 20

[4 LANE]
lane_width = 315
lane_height = 100
lane_width_start = [105, 420, 735, 1050]
lane_width_end = [420, 735, 1050, 1365]
lane_height_start = 450
lane_height_end = 550
edge_gap = 5
lane_history = 20

[DRAW]
font = 0
green = (0, 255, 0)
red = (0, 0, 255)
orange = (0, 165, 255)
yellow = (0, 255, 255)
white = (255, 255, 255)
pass_fail_y = [0, 100, 200]

[THRESHOLD]
white_thresh = 245.0
min_area = 2000
fail_width_low = 206.0
fail_width_high = 311.0
fail_height_low = 22.0
fail_height_high = 50.0
lane_fail_widths_low = [297.76500244140624, 298.48, 306.68, 306.68]
lane_fail_widths_high = [376.4427469889323, 377.3466666666667, 387.71333333333337, 387.71333333333337]
lane_fail_heights_low = [27.866666666666667, 27.866666666666667, 27.982861328124997, 27.982861328124997]
lane_fail_heights_high = [60.52133560180664, 61.666666666666664, 61.666666666666664, 61.666666666666664]

[AIO]
aio_wait = 0.2

[RESULTS]
export_times = ['6:30:00', '06:30:00', '18:30:00']
folder_location = C:\Users\User\Desktop\Results\

