[CALIBRATION]
actual_width = 300.0
actual_height = 30.0
pixel_widths = [265.0, 266.0, 266.0, 267.0]
pixel_heights = [26.0, 26.0, 26.0, 26.0]

[CAMERA]
cam_width = 1920
cam_height = 1080
cam_fps = 30
cam_exposure = -6
frame_width = 1440
frame_height = 1080

[LANE]
lane_count = 4

[3 LANE]
lane_width = 420
lane_height = 170
lane_width_start = [105, 525, 945]
lane_width_end = [525, 945, 1365]
lane_height_start = 440
lane_height_end = 610
edge_gap = 10
lane_history = 20

[4 LANE]
lane_width = 315
lane_height = 120
lane_width_start = [125, 440, 750, 1050]
lane_width_end = [440, 750, 1050, 1365]
lane_height_start = 438
lane_height_end = 558
edge_gap = 15
lane_history = 20

[DRAW]
font = 0
green = (0, 255, 0)
red = (0, 0, 255)
orange = (0, 165, 255)
yellow = (0, 255, 255)
white = (255, 255, 255)
pass_fail_y = [0, 100, 200]

[THRESHOLD]
white_thresh = 240.0
min_area = 2000
fail_width_low = 220.0
fail_width_high = 311.0
fail_height_low = 22.0
fail_height_high = 50.0
lane_fail_widths_low = [194.33333333333334, 195.06666666666666, 195.06666666666666, 195.79999999999998]
lane_fail_widths_high = [376.4427469889323, 377.3466666666667, 387.71333333333337, 387.71333333333337]
lane_fail_heights_low = [27.866666666666667, 27.866666666666667, 27.982861328124997, 27.982861328124997]
lane_fail_heights_high = [60.52133560180664, 61.666666666666664, 61.666666666666664, 61.666666666666664]

[AIO]
aio_wait = 0.1

[RESULTS]
export_times = ['6:30:00', '06:30:00', '18:30:00']
folder_location = C:\Users\user\Desktop\Results\
template_file = C:\Users\user\Roll-QC-V1\results_template.csv
current_results = C:\Users\user\Desktop\results.csv

[GENERAL]
logo_location = C:\Users\user\Roll-QC-V1\MCS Logo.jpg
clear_result_btn = 1