[CALIBRATION]
actual_width = 300.0
actual_height = 30.0
pixel_widths = [363.1280517578125, 364.0, 374.0, 374.0]
pixel_heights = [36.312801361083984, 37.0, 37.0, 37.0]

[CAMERA]
cam_width = 3246
cam_height = 2448
cam_fps = 30
cam_exposure = -8
frame_width = 1440
frame_height = 1080

[LANE]
lane_count = 4
lane_width = 571
lane_height = 140
lane_width_start = [154, 725, 1296, 1867]
lane_width_end = [725, 1296, 1867, 2438]
lane_height_start = 792
#902
lane_height_end = 932
#1042
edge_gap = 10
lane_history = 20

[DRAW]
font = 0
green = (0, 255, 0)
red = (0, 0, 255)
orange = (0, 165, 255)
yellow = (0, 255, 255)
white = (255, 255, 255)
pass_fail_y = [0, 100, 200]

[THRESHOLD]
white_thresh = 230.0
min_area = 2000
fail_width_low = 260.0
fail_width_high = 313.0
fail_height_low = 22.0
fail_height_high = 45.0
lane_fail_widths_low = [311.1333333333333, 319.8, 334.5674255371094, 334.5674255371094]
lane_fail_widths_high = [375.86207509358724, 387.07666666666665, 399.59666666666664, 399.59666666666664]
lane_fail_heights_low = [27.866666666666667, 27.866666666666667, 27.982861328124997, 27.982861328124997]
lane_fail_heights_high = [103.68803787231445, 109.5, 106.4999771118164, 106.4999771118164]

[AIO]
aio_wait = 0.2

[RESULTS]
export_times = ['6:30:00', '06:30:00', '18:30:00']
folder_location = C:\Users\User\Desktop\Results\

