[CALIBRATION]
actual_width = 300.0
actual_height = 30.0
pixel_widths = [359.0, 369.0, 386.0393371582031]
pixel_heights = [38.0, 38.0, 38.158447265625]

[CAMERA]
cam_width = 1920
cam_height = 1080
cam_fps = 30
frame_width = 1440
frame_height = 1080

[LANE]
lane_count = 3
lane_width = 445
lane_height = 190
lane_width_start = [68, 513, 958]
lane_width_end = [513, 958, 1403]
lane_height_start = 460
lane_height_end = 650
edge_gap = 10

[DRAW]
font = 0
green = (0, 255, 0)
red = (0, 0, 255)
blue = (255, 0, 0)
yellow = (0, 255, 255)
white = (255, 255, 255)
pass_fail_x = [68, 516, 960]
pass_fail_y = [0, 100, 200]

[THRESHOLD]
white_thresh = 170.0
min_area = 2000
fail_width_low = 260.0
fail_width_high = 312.0
fail_height_low = 20.0
fail_height_high = 45.0
lane_fail_widths_low = [224.76918538411456, 265.2, 225.33328043619792]
lane_fail_widths_high = [373.35999999999996, 383.76, 401.48091064453126]
lane_fail_heights_low = [25.333333333333332, 25.333333333333332, 25.43896484375]
lane_fail_heights_high = [103.68803787231445, 109.5, 106.4999771118164]

[AIO]
aio_wait = 0.2

