[CALIBRATION]
actual_width = 300.0
actual_height = 30.0
pixel_widths = [260.3095397949219, 306.1720886230469, 260.13653564453125]
pixel_heights = [69.1151123046875, 73.23735809326172, 71.5210952758789]

[CAMERA]
cam_width = 1920
cam_height = 1080
cam_fps = 30
frame_width = 1440
frame_height = 1080

[LANE]
lane_count = 3
lane_width = 445
lane_height = 190
lane_width_start = [68, 513, 958]
lane_width_end = [513, 958, 1403]
lane_height_start = 460
lane_height_end = 650
edge_gap = 10

[DRAW]
font = 0
green = (0, 255, 0)
red = (0, 0, 255)
blue = (255, 0, 0)
yellow = (0, 255, 255)
white = (255, 255, 255)
pass_fail_x = [68, 516, 960]
pass_fail_y = [0, 100, 200]

[THRESHOLD]
white_thresh = 225.0
min_area = 2000
fail_width_low = 260.0
fail_width_high = 315.0
fail_height_low = 20.0
fail_height_high = 45.0
lane_fail_widths_low = [226.20000000000002, 265.2126159667969, 225.32024129231772]
lane_fail_widths_high = [274.05, 321.3152847290039, 272.98413848876953]
lane_fail_heights_low = [45.333333333333336, 47.921427408854164, 46.44373575846354]
lane_fail_heights_high = [102.0, 107.82321166992188, 104.49840545654297]

[AIO]
aio_wait = 0.2

