[CALIBRATION]
actual_width = 281.0
actual_height = 30.0
pixel_widths = [269.0374755859375, 264.0, 265.04388427734375, 268.0]
pixel_heights = [26.9381103515625, 30.0, 28.962556838989258, 29.0]
width_multiple = [1.038, 1.031, 1.028, 1.033]

[CAMERA]
cam_width = 1920
cam_height = 1080
cam_fps = 30
cam_exposure = -8
frame_width = 1440
frame_height = 1080

[LANE]
lane_count = 4

[3 LANE]
lane_width = 420
lane_height = 170
lane_width_start = [105, 525, 945]
lane_width_end = [525, 945, 1365]
lane_height_start = 440
lane_height_end = 610
edge_gap = 10
lane_history = 20

[4 LANE]
lane_width = 285
lane_height = 180
lane_width_start = [180, 485, 770, 1055]
lane_width_end = [485, 770, 1055, 1360]
lane_height_start = 398
lane_height_end = 578
edge_gap = 20
lane_history = 20

[DRAW]
font = 0
green = (0, 255, 0)
red = (0, 0, 255)
orange = (0, 165, 255)
yellow = (0, 255, 255)
white = (255, 255, 255)
pass_fail_y = [0, 100, 200]

[THRESHOLD]
white_thresh = 200.0
min_area = 2000
fail_width_low = 262.0
fail_width_high = 288.0
fail_height_low = 15.0
fail_height_high = 56.0
lane_fail_widths_low = [247.96428571428572, 243.2857142857143, 245.15714285714284, 244.22137145996095]
lane_fail_widths_high = [272.57142857142856, 267.42857142857144, 269.48571428571427, 268.45708007812505]
lane_fail_heights_low = [13.000000000000002, 13.000000000000002, 14.209811210632324, 13.499998092651367]
lane_fail_heights_high = [50.28447265625, 56.0, 54.06343943277995, 54.13333333333333]

[AIO]
aio_wait = 0.1

[RESULTS]
export_times = ['6:30:00', '06:30:00', '18:30:00']
folder_location = C:\Users\EB3\Desktop\Results\
template_file = C:\Users\EB3\Roll-QC-V1\results_template.csv
current_results = C:\Users\EB3\Desktop\results_

[GENERAL]
logo_location = C:\Users\EB3\Roll-QC-V1\MCS Logo.jpg
clear_result_btn = 1

